Volume:1
	area:6
	hmin:-4.364376
	hmax:-1.364376
	nverts:4
		vert:x:50.871696,y:-1.477005,z:2.641174
		vert:x:51.914719,y:-2.612633,z:-3.879493
		vert:x:56.875565,y:-3.364376,z:-2.955240
		vert:x:56.279179,y:-2.472935,z:3.214229
	nlink:2
		link:2
		link:65539
Volume:2
	area:6
	hmin:-3.324032
	hmax:-0.324032
	nverts:4
		vert:x:45.412987,y:-1.976448,z:-28.360767
		vert:x:52.257957,y:-2.324032,z:-28.108438
		vert:x:53.597832,y:-0.294243,z:-21.612698
		vert:x:46.029739,y:-2.269005,z:-21.331518
	nlink:1
		link:1
Volume:3
	area:6
	hmin:-3.425243
	hmax:-0.425243
	nverts:5
		vert:x:33.713902,y:-1.301701,z:-19.482859
		vert:x:34.585331,y:-0.877583,z:-27.317448
		vert:x:42.044849,y:-1.497253,z:-27.232140
		vert:x:42.689766,y:-2.280533,z:-23.680445
		vert:x:41.596401,y:-2.425243,z:-20.365692
	nlink:1
		link:65537
